RegionIndex PupilX PupilY Glint1X Glint1Y Glint2X Glint2Y GazeX GazeY GazeZ
1 920.495397 697.849268 921.844010 706.614331 938.459736 700.802532 -108.160440 -87.954780 -154.800911
1 920.375196 697.892066 921.751313 706.686962 938.344299 700.703551 -110.274583 -87.044820 -155.040881
1 920.346169 697.906595 921.628159 706.601601 938.344299 700.703551 -111.865959 -86.250532 -155.261942
1 920.082207 698.099529 921.368293 706.790850 937.777483 700.906783 -116.282890 -87.211794 -154.704866
1 919.997348 698.119597 921.314413 706.771109 937.677093 700.861591 -116.739959 -87.582042 -154.547094
1 919.806387 698.163014 921.225075 706.822949 937.497602 700.934910 -114.510663 -91.501627 -153.199505
1 919.736942 698.082301 921.095263 706.830726 937.470117 700.840591 -114.256794 -92.107044 -152.987227
1 919.709164 698.050016 921.043338 706.833837 937.459123 700.802864 -113.837923 -92.648062 -152.806295
1 919.650869 698.184701 921.043338 706.833837 937.574628 700.703807 -114.702846 -89.308609 -154.001649
1 919.844920 697.981215 921.124541 706.809573 937.574628 700.703807 -115.029052 -88.889244 -154.141828
1 919.821010 697.634075 921.287077 706.442433 937.574628 700.703807 -122.198178 -85.305018 -155.139913
1 919.836808 697.621925 921.266364 706.421707 937.574628 700.703807 -122.198427 -85.304750 -155.140000
1 919.868158 697.597813 921.225258 706.380578 937.574628 700.703807 -122.196323 -85.562728 -155.044703
1 919.812235 697.719014 921.287077 706.442433 937.752831 700.611361 -121.847316 -85.174941 -155.204028
1 919.905042 697.702423 921.287077 706.442433 937.805496 700.626738 -121.438740 -85.353537 -155.156639
1 920.059148 697.707970 921.501854 706.390279 937.673628 700.588236 -119.731856 -85.095658 -155.329913
1 920.052044 697.694363 921.490834 706.387065 937.699796 700.595876 -119.334535 -85.283726 -155.278508
1 920.023350 697.639402 921.446321 706.374080 937.805496 700.626738 -119.072587 -85.361742 -155.261617
1 920.056999 697.634023 921.461471 706.351358 937.805496 700.626738 -118.208998 -85.673700 -155.185686
1 920.124296 697.623264 921.491773 706.305913 937.805496 700.626738 -118.014850 -85.685478 -155.190193
1 920.225505 697.607084 921.537343 706.237568 937.805496 700.626738 -117.764274 -85.699324 -155.196512
1 920.215821 697.548518 921.560069 706.214730 938.245378 700.588046 -117.572418 -84.058810 -155.811886
1 920.308946 697.649302 921.613181 706.278891 938.245378 700.588046 -119.272908 -83.849373 -155.811705
1 920.225718 697.574445 921.613181 706.278891 938.245378 700.588046 -119.730016 -83.357493 -155.972722
1 920.150069 697.893771 921.625708 706.574504 938.344299 700.703551 -121.488642 -82.471375 -156.220104
1 920.161838 697.911273 921.620787 706.520099 938.245378 700.588046 -119.652011 -83.907672 -155.772842
1 920.171124 697.713533 921.582829 706.351296 938.245378 700.588046 -119.116357 -84.386022 -155.620413
1 920.308218 697.467986 921.613181 706.278891 938.113510 700.549543 -120.723058 -84.629749 -155.456946
1 920.235873 697.520246 921.601019 706.255746 938.113510 700.549543 -120.341988 -85.816718 -155.035433
1 920.240084 697.433972 921.537343 706.237568 937.805496 700.626738 -119.694944 -87.205390 -154.551478
1 920.114853 697.409813 921.507354 706.192528 937.856298 700.614006 -119.469653 -87.389133 -154.493819
1 919.981450 697.316066 921.394517 706.130688 937.574707 700.472730 -120.885286 -88.635235 -153.968423
1 919.767461 697.412331 921.212973 706.078894 937.574707 700.472730 -116.602701 -92.074296 -152.892249
1 919.737330 697.354844 921.196005 706.083340 937.574707 700.472730 -116.683093 -93.140948 -152.494160
1 919.625135 697.229669 921.079595 706.034391 937.459270 700.373750 -116.885541 -96.328850 -151.306121
1 919.495719 697.291093 920.946070 706.101231 937.459270 700.373750 -115.615998 -96.971994 -151.126258
1 919.884106 697.754093 921.279438 706.523841 937.574628 700.703807 -117.337985 -85.295076 -155.365451
1 919.917120 697.730147 921.279427 706.549740 937.574628 700.703807 -117.321730 -85.827105 -155.169464
1 919.898518 697.748982 921.294951 706.520230 937.574628 700.703807 -117.788611 -86.152574 -155.027802
1 920.286069 698.053394 921.696287 706.897456 938.344299 700.703551 -118.830417 -90.463149 -153.386313
1 920.354169 698.171609 921.783543 706.915945 938.344299 700.703551 -118.371555 -91.403044 -153.059713
1 920.979680 698.489247 922.446746 707.101920 938.709679 701.422294 -121.034241 -93.230037 -152.262593
1 920.985781 698.458587 922.446746 707.101920 938.820558 701.422257 -119.220676 -94.560431 -151.853437
1 920.998030 698.397029 922.446746 707.101920 939.043182 701.422184 -118.111805 -95.407528 -151.590823
1 921.101227 698.334313 922.524584 707.146346 939.209984 701.422129 -111.826116 -96.367643 -151.522734
1 921.221985 698.398644 922.680206 707.124055 939.344649 701.473347 -111.894713 -93.469830 -152.591133
1 921.179120 698.740171 922.621101 707.520994 939.344571 701.704425 -113.315804 -87.441994 -154.755189
1 921.260657 698.788865 922.623558 707.548162 939.344571 701.704425 -113.771589 -88.145389 -154.474287
1 921.507529 699.292210 922.946756 707.963340 939.460008 701.803407 -116.053492 -90.565860 -153.475097
1 921.768668 699.150537 923.124672 707.991706 939.421337 702.243452 -117.838641 -92.857850 -152.546093
1 921.555183 699.240228 922.992259 708.034715 939.575253 702.474482 -117.387238 -90.068498 -153.598124
1 921.520802 699.133713 922.946756 707.963340 939.459816 702.375500 -117.573402 -89.928376 -153.641439
1 921.658067 699.209451 922.946756 707.963340 939.459816 702.375500 -117.606332 -89.507539 -153.795549
1 921.475415 699.271297 922.946756 707.963340 939.498384 702.243427 -116.805031 -88.360433 -154.256296
1 921.551947 699.239747 922.970642 707.946264 939.485527 702.191968 -116.631158 -88.500982 -154.212262
1 921.704412 699.176894 923.018228 707.912245 939.459912 702.089453 -116.254375 -88.695887 -154.157391
1 921.628335 699.239399 922.946756 707.963340 939.421337 702.243452 -115.498614 -88.876528 -154.125095
1 921.615358 699.242499 922.970518 707.946353 939.434162 702.192252 -114.784460 -87.940859 -154.503680
1 921.589304 699.248725 923.018228 707.912245 939.459912 702.089453 -114.536176 -87.777984 -154.575240
1 921.658781 699.230671 922.946756 707.963340 939.446922 702.037462 -114.120422 -87.641305 -154.644759
1 921.631535 699.245204 922.946756 707.963340 939.421440 701.935479 -113.939207 -87.583799 -154.674295
2 943.262396 700.828221 937.311794 708.676208 953.968023 702.886036 21.341940 -63.543550 -169.739144
2 942.754788 700.859217 936.689143 708.809897 953.634555 702.836068 34.926946 -66.958027 -169.096706
2 942.670452 700.818695 936.622548 708.676448 953.506258 702.932419 34.817302 -66.783316 -169.156304
2 942.635829 700.825414 936.533574 708.720936 953.506258 702.932419 30.921712 -66.056116 -169.247373
2 942.517777 700.969525 936.481633 708.740993 953.467693 703.086415 28.875999 -66.125006 -169.128515
2 942.388380 701.125077 936.430744 708.903375 953.318004 703.270740 19.635289 -53.636608 -173.324550
2 942.357511 700.993102 936.381101 708.928858 953.352121 703.471511 19.732812 -53.634042 -173.329951
2 942.524481 700.459289 936.559189 708.375432 953.554393 702.726083 29.195927 -71.114204 -167.298252
2 942.632915 700.411372 936.564631 708.337331 953.583266 702.701320 29.159131 -71.393406 -167.193331
2 942.533083 700.844927 936.538515 708.803895 953.377318 703.026161 30.158959 -70.406798 -167.603793
2 942.562709 700.879831 936.466483 708.775071 953.467693 703.086415 30.979249 -69.962890 -167.805383
2 942.452521 701.136143 936.455663 708.890583 953.467612 703.372459 32.581060 -58.927056 -171.959249
2 942.800017 701.163466 936.705751 709.099165 953.583047 703.471447 32.018573 -65.997923 -169.318962
2 942.852725 701.365125 936.911461 709.165880 953.767716 703.586935 26.410296 -60.832733 -170.972894
2 942.939325 701.394899 936.999419 709.164347 953.876914 703.450340 28.040933 -63.439635 -170.083371
2 943.043014 701.308730 936.954581 709.188127 953.907218 703.495853 28.043925 -63.439475 -170.083567
2 942.983766 701.970276 936.885785 709.890831 953.967684 704.087485 23.931993 -56.895672 -172.315578
2 943.225520 702.247634 937.089067 710.033546 953.967684 704.087485 27.610968 -62.655104 -170.353841
2 943.121308 702.092480 937.089067 710.033546 953.967684 704.087485 27.711466 -61.080536 -170.940660
2 943.129904 702.121913 937.001110 710.032075 953.967627 704.287729 27.205568 -62.392938 -170.432277
2 943.103631 702.098088 937.001110 710.032075 953.967646 704.221154 27.204391 -62.391344 -170.432812
2 942.197593 702.913467 936.199228 710.745891 952.966844 705.088986 22.613041 -51.494896 -174.252427
2 942.102676 703.095819 935.998089 711.036745 952.966786 705.289232 26.439498 -62.689113 -170.287789
2 942.151494 703.140021 936.027998 711.036235 952.966786 705.289232 26.984708 -61.572901 -170.725422
2 942.048522 703.161616 936.082337 711.059445 952.875788 705.453059 27.793393 -62.936461 -170.258131
2 942.098183 703.281835 936.082342 711.045264 952.906042 705.398592 27.809192 -62.259104 -170.509320
2 942.151639 703.335281 936.088033 711.079504 952.936612 705.343556 27.322595 -61.588086 -170.735231
2 942.587996 703.004954 936.486889 710.824894 953.467123 705.088845 26.879815 -66.481756 -168.905475
2 942.980253 703.184220 936.946395 711.140827 953.912721 705.671191 29.868111 -65.100679 -169.552571
2 943.005165 703.253324 936.998702 711.166964 953.876268 705.725914 29.128554 -64.132356 -169.876870
2 943.212000 704.142346 937.088348 712.036182 953.967057 706.290185 29.487889 -72.167745 -166.922010
2 943.108479 704.016124 937.132810 711.947249 953.967057 706.290185 24.131232 -70.251572 -167.386032
2 943.099879 704.073295 937.146182 711.970438 953.967057 706.290185 24.186127 -67.928954 -168.247378
2 943.130795 704.110299 937.196266 712.000430 953.967057 706.290185 23.784894 -66.394815 -168.796344
2 943.647360 703.833529 937.669753 711.694025 954.603843 706.180773 33.663383 -70.743425 -167.639290
2 943.681086 703.503716 937.622270 711.279394 954.582966 705.704691 26.082045 -67.898030 -168.345359
2 943.601035 703.471969 937.634030 711.241571 954.544690 705.666389 24.902399 -67.558864 -168.416924
3 947.187369 701.303902 936.325142 708.990458 953.078485 703.420325 126.547125 -66.438745 -173.471080
3 947.332416 701.237267 936.325142 708.990458 953.078485 703.420325 126.848732 -67.010520 -173.273422
3 947.259432 701.374852 936.377753 709.054823 953.167386 703.587102 126.946689 -65.563952 -173.812794
3 947.339499 701.306747 936.377753 709.054823 953.167386 703.587102 127.695830 -64.595470 -174.205109
3 947.317777 701.337991 936.403698 709.069633 953.167386 703.587102 127.691129 -64.724086 -174.157336
3 947.445509 701.471012 936.455588 709.099253 953.078389 703.753928 127.267316 -65.247514 -173.944440
3 947.410802 701.429072 936.533423 709.143683 953.267384 703.787316 122.608316 -68.000885 -172.713642
3 947.494133 701.482711 936.533423 709.143683 953.331063 703.632611 121.063836 -69.292672 -172.165471
3 947.497154 701.443294 936.533423 709.143683 953.309781 703.684314 120.797397 -70.193135 -171.820342
3 947.562759 701.523639 936.586034 709.208048 953.467551 703.587018 120.727720 -72.408095 -170.998131
3 947.501596 701.468548 936.586034 709.208048 953.452442 703.632306 120.773035 -72.821574 -170.847306
3 947.689416 701.575464 936.792941 709.285376 953.634232 703.976343 125.383643 -64.803343 -174.022694
3 948.639167 701.556905 937.754270 709.283152 954.572727 703.969112 129.269819 -65.439848 -173.964732
3 949.013148 701.623832 938.047471 709.235276 954.843199 703.962093 138.507552 -63.591255 -175.069983
3 949.346230 701.647843 938.355396 709.345445 954.968232 704.087210 134.905520 -64.255076 -174.660091
3 949.292482 701.648683 938.420892 709.410918 954.968232 704.087210 133.368355 -63.641533 -174.816793
3 949.203123 701.729803 938.297560 709.439955 954.968232 704.087210 131.901432 -63.563869 -174.778548
3 949.302944 701.848415 938.378899 709.476875 954.968232 704.087210 130.176552 -65.171447 -174.105371
3 949.188463 702.240117 938.326084 709.991061 955.079299 704.420985 131.493160 -66.963581 -173.502791
3 949.243739 702.265965 938.326084 709.991061 955.079299 704.420985 132.171486 -66.694092 -173.633405
3 949.234475 702.286960 938.254322 710.036045 954.968092 704.587818 129.776439 -67.283920 -173.305972
3 949.193439 702.319272 938.254322 710.036045 954.968092 704.587818 129.767044 -67.291730 -173.302655
3 948.506040 702.696466 937.622627 710.278079 954.634500 704.977285 131.386720 -63.188821 -174.893734
3 948.526050 702.701199 937.650409 710.287015 954.634500 704.977285 131.293654 -63.052463 -174.939907
3 948.566070 702.710665 937.705972 710.304885 954.634500 704.977285 131.287727 -63.057306 -174.937846
3 949.281177 703.037549 938.378437 710.789687 954.967952 705.088429 129.844534 -70.679305 -172.053562
3 949.679256 702.518007 938.793882 710.285985 955.968499 705.088157 127.912963 -65.363971 -173.930850
3 949.792226 702.564430 938.808275 710.276047 955.968499 705.088157 126.406813 -65.393542 -173.851162
3 950.023537 702.560659 939.047755 710.258963 955.968499 705.088157 118.340212 -69.328845 -172.027765
3 950.042114 702.618504 939.134712 710.255329 955.968499 705.088157 131.529041 -62.916160 -175.001053
3 950.179704 702.629196 939.206941 710.304368 955.968499 705.088157 133.895701 -63.122854 -175.032659
4 938.339468 679.787792 928.777839 695.240517 945.616857 689.778558 95.546158 -218.326055 -115.892210
4 938.419447 679.804123 928.812542 695.232874 945.582710 689.688856 98.487498 -219.020688 -115.769622
4 938.141683 679.698416 928.660327 695.259439 945.428943 689.755077 99.688709 -219.634970 -115.597312
4 938.095814 679.671734 928.569120 695.198643 945.351787 689.688923 99.238797 -219.236032 -115.724290
4 938.055384 679.697672 928.546397 695.221478 945.351787 689.688923 99.801541 -219.245729 -115.746393
4 938.031268 679.713979 928.535123 695.204545 945.351787 689.688923 100.778200 -219.260619 -115.785471
4 937.991241 679.725818 928.490386 695.154821 945.351787 689.688923 101.729437 -219.509896 -115.736718
4 937.971849 679.666466 928.409918 695.198700 945.351787 689.688923 101.298866 -218.608527 -116.050364
4 937.914712 679.685302 928.377623 695.129432 945.217100 689.740216 99.779327 -218.882011 -115.879872
4 937.906420 679.647167 928.377623 695.129432 945.217100 689.740216 97.962221 -219.232497 -115.667323
4 937.782692 679.520581 928.303191 695.085007 945.217124 689.656927 98.375618 -219.517551 -115.580789
4 937.699480 679.413902 928.205403 694.880307 945.149007 689.254919 98.466941 -220.022472 -115.398252
4 937.720153 679.340613 928.205403 694.880307 945.088057 689.261041 98.392496 -219.730971 -115.502643
4 937.868818 679.258800 928.266565 694.818013 945.149007 689.254919 98.352232 -219.681367 -115.519147
4 937.824891 679.269325 928.266565 694.818013 945.112342 689.258602 98.352237 -219.681990 -115.518917
4 937.841808 679.244495 928.234549 694.805610 945.149007 689.254919 98.976162 -219.909535 -115.463259
4 937.818380 679.225183 928.238777 694.792930 945.149007 689.254919 99.042168 -220.090118 -115.399497
4 937.772003 679.137011 928.281130 694.665933 944.967104 689.273191 97.172419 -219.880913 -115.391503
4 937.724672 679.155743 928.217410 694.608290 945.167270 689.072921 97.169566 -219.881230 -115.391256
4 937.718502 679.144012 928.231678 694.603527 945.167270 689.072921 97.838590 -219.925797 -115.405316
4 937.833956 679.073131 928.217410 694.608290 944.967104 689.273191 97.322925 -220.101119 -115.316947
4 937.812052 679.079895 928.219561 694.579916 944.967124 689.206279 96.694494 -220.095480 -115.290345
4 937.768415 679.093370 928.223845 694.523390 944.967163 689.072978 96.644975 -220.080869 -115.293488
4 937.801249 679.039808 928.304404 694.502938 944.785212 689.255024 96.742702 -219.960094 -115.342608
4 937.807967 678.990559 928.217471 694.441499 944.767056 689.073036 95.554366 -218.549843 -115.809833
4 937.704290 679.062960 928.223845 694.523390 944.767056 689.073036 95.507730 -218.550537 -115.807448
4 937.718415 679.113004 928.245518 694.543739 944.785212 689.255024 95.453522 -218.538704 -115.809349
4 937.528487 679.089938 928.055387 694.659607 944.785212 689.255024 95.071512 -218.255769 -115.896532
4 937.147432 679.333929 927.597358 694.953615 944.466746 689.573656 100.805855 -220.183468 -115.445489
4 937.168409 679.364913 927.621717 694.907247 944.466746 689.573656 100.936325 -220.158115 -115.460820
4 937.091850 679.421591 927.621717 694.907247 944.466746 689.573656 101.042829 -220.158944 -115.465375
4 937.135585 679.514333 927.522097 694.995492 944.466746 689.573656 101.398495 -220.288446 -115.433724
4 937.121442 679.501861 927.545852 694.948722 944.466746 689.573656 101.892422 -220.361722 -115.429176
4 937.104929 679.471827 927.534098 694.971865 944.421497 689.558566 102.104256 -220.244098 -115.482340
4 937.071643 679.411287 927.510404 695.018515 944.330286 689.528148 102.318665 -220.281755 -115.478203
4 936.888610 679.520349 927.419946 695.015444 944.057466 689.437230 102.079827 -220.060438 -115.549137
4 936.680268 679.290588 927.204757 694.880666 943.966566 689.273483 101.458223 -219.699646 -115.654173
4 936.829036 679.329981 927.233903 694.805970 943.875568 689.437284 101.473199 -219.499665 -115.728804
4 936.770692 679.312403 927.233903 694.805970 943.875568 689.437284 101.472150 -219.480780 -115.735739
4 936.686770 679.294723 927.224188 694.830868 943.875568 689.437284 101.557827 -219.515201 -115.726922
4 936.751395 679.329404 927.204757 694.880666 943.875568 689.437284 101.630352 -219.716997 -115.655614
4 936.732166 679.389569 927.204757 694.880666 943.875568 689.437284 101.402770 -219.703561 -115.650194
4 936.728604 679.370241 927.210595 694.865703 943.893796 689.404472 101.272786 -219.789093 -115.612633
4 936.721509 679.331736 927.222226 694.835895 943.930110 689.339106 100.995633 -219.889787 -115.562747
4 936.714386 679.293080 927.233903 694.805970 943.966566 689.273483 100.999955 -220.257937 -115.426813
4 936.688095 679.218115 927.216721 694.727786 943.784674 689.255317 100.357983 -220.437418 -115.331140
4 936.775759 678.896246 927.175042 694.352218 943.966626 689.073270 99.075159 -220.128275 -115.386893
4 936.738344 678.821816 927.234066 694.363662 943.966626 689.073270 98.845378 -220.044490 -115.407385
4 936.716299 678.930528 927.234066 694.363662 943.966686 688.873057 98.316337 -219.849683 -115.455270
4 936.731706 678.867637 927.224319 694.338641 943.966686 688.873057 97.871568 -219.941209 -115.401123
4 936.762281 678.742832 927.204975 694.288987 943.966686 688.873057 97.644722 -219.860190 -115.420726
4 936.776920 678.763598 927.223738 694.285639 943.966686 688.873057 97.425227 -219.687631 -115.474514
4 936.794831 678.638421 927.324687 694.193034 944.148579 688.891223 98.492962 -219.298459 -115.667160
4 936.963121 678.641774 927.455211 694.084163 944.351548 688.688149 99.087740 -219.357009 -115.672661
4 937.020982 678.543762 927.455211 694.084163 944.351548 688.688149 99.024264 -219.259649 -115.705764
4 937.044536 678.578623 927.455211 694.084163 944.351548 688.688149 99.254010 -219.346878 -115.683997
4 937.033557 678.645356 927.455211 694.084163 944.351548 688.688149 100.108031 -219.886015 -115.523624
4 937.050511 678.499410 927.455211 694.084163 944.467044 688.572594 100.439939 -220.012424 -115.492033
4 937.068914 678.522694 927.455211 694.084163 944.428545 688.611112 100.547887 -220.052333 -115.482203
4 937.022898 678.494814 927.455211 694.084163 944.351548 688.688149 99.879262 -220.039382 -115.456470
4 937.022692 678.512665 927.455211 694.084163 944.351548 688.688149 99.970258 -219.833044 -115.536922
4 937.022281 678.548366 927.455211 694.084163 944.351548 688.688149 100.301246 -219.839627 -115.549597
4 937.069390 678.600903 927.533078 694.039684 944.467044 688.572594 100.469879 -220.012913 -115.493219
4 937.050015 678.595036 927.507122 694.054510 944.467044 688.572594 100.729681 -220.067752 -115.484800
4 937.011264 678.583303 927.455211 694.084163 944.467044 688.572594 101.332671 -219.987582 -115.541971
4 937.010375 678.546768 927.533078 694.039684 944.467044 688.572594 101.862984 -219.913025 -115.593748
4 937.039004 678.527558 927.507055 694.054549 944.467044 688.572594 102.024244 -219.821850 -115.634823
4 937.065716 678.508615 927.455211 694.084163 944.467044 688.572594 103.325463 -219.745616 -115.722412
4 937.132777 678.427516 927.585735 693.975291 944.467044 688.572594 102.907498 -219.442420 -115.815446
4 937.138856 678.508493 927.533078 694.039684 944.467044 688.572594 102.848254 -219.190948 -115.905728
4 937.113295 678.553010 927.568183 693.996756 944.467044 688.572594 102.636557 -219.361646 -115.832945
4 937.113628 678.556547 927.533078 694.039684 944.467044 688.572594 102.660295 -219.649190 -115.727703
4 937.034335 678.719828 927.510723 694.150919 944.351548 688.688149 101.408640 -219.524055 -115.716838
4 937.058220 678.715960 927.510723 694.150919 944.351548 688.688149 101.408227 -219.523413 -115.717056
4 937.106177 678.708195 927.510723 694.150919 944.351548 688.688149 101.426892 -219.380005 -115.770937
4 937.065754 678.697034 927.492171 694.128609 944.334381 688.733186 101.498142 -219.403807 -115.765388
4 936.965832 678.712349 927.463355 694.168618 944.317258 688.778104 101.255744 -219.722636 -115.636429
4 936.993032 678.655278 927.409640 694.197909 944.351548 688.688149 101.255211 -219.934873 -115.557925
4 936.927426 678.648051 927.357547 694.152851 944.300918 688.676120 102.748188 -220.728600 -115.332579
4 936.868979 678.610472 927.377345 694.128641 944.351548 688.688149 102.748717 -220.728871 -115.332504
4 936.973532 678.623653 927.455211 694.084163 944.351548 688.688149 102.808764 -220.792594 -115.311682
4 936.943998 678.681918 927.377345 694.128641 944.057684 688.709257 102.237386 -220.521737 -115.385754
4 936.937427 678.681585 927.377345 694.128641 944.057684 688.709257 101.920539 -220.404141 -115.414774
4 936.924388 678.680923 927.377345 694.128641 944.057684 688.709257 101.452570 -220.299394 -115.432144
4 936.889998 678.585241 927.377345 694.128641 944.216885 688.656155 101.291547 -220.197881 -115.462331
4 936.885395 678.587945 927.377345 694.128641 944.057684 688.709257 101.225365 -220.252980 -115.438936
4 936.785534 678.610998 927.302913 694.084217 944.057684 688.709257 100.711491 -220.116869 -115.465808
4 936.881995 678.582041 927.296000 694.106946 944.057684 688.709257 100.231805 -220.068788 -115.461690
4 936.876998 678.587744 927.271128 694.091893 944.057684 688.709257 99.704918 -220.012931 -115.458292
4 936.785032 678.559555 927.201903 694.088502 943.838141 688.650764 99.671030 -219.734732 -115.559615
4 936.733155 678.451960 927.221769 694.062021 943.812782 688.611325 99.680059 -219.738844 -115.558507
4 936.621548 678.605341 927.088350 694.151071 943.716591 688.739589 99.863636 -219.462406 -115.669106
4 936.586566 678.594753 927.059335 694.151577 943.679119 688.669560 99.888383 -219.473685 -115.666066
4 936.515500 678.573242 927.000393 694.152604 943.602994 688.527297 99.516696 -219.460004 -115.654157
4 936.330307 678.549876 926.737363 694.040871 943.466507 688.572886 99.268677 -218.356658 -116.050822
4 936.330802 678.567593 926.737363 694.040871 943.466507 688.572886 99.445939 -218.371429 -116.053452
4 936.262804 678.443493 926.656819 694.020577 943.466507 688.572886 99.551218 -218.372227 -116.057963
4 936.192539 678.530799 926.585089 693.975652 943.466507 688.572886 99.821667 -218.389824 -116.063802
4 936.117915 678.476469 926.510124 694.017727 943.466507 688.572886 101.207964 -219.376167 -115.762362
4 935.862505 678.447672 926.265161 693.970947 943.115449 688.304908 101.451185 -219.613993 -115.685524
4 935.744250 678.355165 926.204477 693.879880 943.049631 688.406232 101.449436 -219.618107 -115.683922
4 935.718457 678.287007 926.204477 693.879880 942.875328 688.436516 101.448002 -219.620585 -115.682941
4 935.576132 678.330860 926.014934 693.931942 942.716151 688.406331 101.027398 -219.590052 -115.675031
4 935.132304 678.394790 925.584436 693.976015 942.465964 688.573181 101.919068 -220.161284 -115.504509
4 935.163271 678.426877 925.566792 693.997591 942.465964 688.573181 101.910355 -220.231463 -115.478161
4 935.009693 678.534362 925.531778 694.040408 942.465964 688.573181 103.513414 -220.042636 -115.621162
4 934.922222 678.605758 925.453910 694.084888 942.350466 688.688738 103.646839 -220.237876 -115.555058
4 934.965140 678.624363 925.376042 694.129367 942.350466 688.688738 103.791130 -220.247048 -115.558253
4 934.960995 678.618124 925.376042 694.129367 942.350466 688.688738 103.875594 -220.283607 -115.548591
4 934.952639 678.605549 925.376042 694.129367 942.350466 688.688738 103.832163 -220.337344 -115.526738
4 934.941231 678.612759 925.376042 694.129367 942.350466 688.688738 103.622507 -220.333001 -115.518773
4 934.933992 678.684379 925.340845 694.172408 942.215777 688.740033 103.096392 -220.263102 -115.520603
4 934.887577 678.691552 925.376042 694.129367 942.215777 688.740033 102.892631 -220.261808 -115.511780
4 934.887287 678.549982 925.313821 694.165064 942.162718 688.729971 102.485376 -220.167740 -115.527973
4 934.848579 678.615390 925.294697 694.107672 942.056599 688.709848 102.047959 -219.974833 -115.579337
4 934.734927 678.583594 925.171108 694.128541 942.056599 688.709848 101.823586 -219.423959 -115.772792
4 934.760519 678.546684 925.187560 694.106610 942.056599 688.709848 101.474327 -218.961725 -115.927771
4 934.811704 678.472864 925.220465 694.062748 942.056599 688.709848 101.098336 -218.320031 -116.147888
5 939.782757 674.008660 931.418023 691.295973 948.469929 685.782871 74.244660 -259.090724 -99.846177
5 939.782269 674.037721 931.384191 691.249805 948.469929 685.782871 74.036139 -259.038574 -99.855942
5 939.806692 674.001381 931.458723 691.288022 948.469929 685.782871 72.973868 -259.267565 -99.722776
5 939.816555 673.999978 931.501554 691.260946 948.469929 685.782871 73.493448 -259.295597 -99.736129
5 939.797050 674.074189 931.511878 691.288205 948.469929 685.782871 74.127327 -259.234959 -99.787487
5 939.861100 674.070029 931.468903 691.365404 948.469929 685.782871 74.614165 -258.918640 -99.926676
5 939.899398 674.142985 931.562922 691.475695 948.503203 685.935418 74.365146 -256.902723 -100.660739
5 939.855795 674.147832 931.565192 691.397512 948.486631 685.859441 74.533213 -257.114444 -100.590123
5 939.931509 674.162794 931.654495 691.427510 948.469929 685.782871 74.290119 -257.136497 -100.570871
5 940.001424 674.231837 931.632281 691.426617 948.503203 685.935418 74.289774 -257.094273 -100.586469
5 939.934901 674.218246 931.632274 691.447020 948.492114 685.979784 74.013769 -257.147108 -100.554332
5 939.925885 674.235262 931.639559 691.505301 948.503203 685.935418 73.292610 -257.553750 -100.371047
5 939.953907 674.207829 931.562900 691.538264 948.436570 685.935436 73.292549 -257.546227 -100.373826
5 939.950825 674.483983 931.500297 691.725993 948.503129 686.202291 74.334287 -257.433997 -100.462880
5 939.803226 674.490006 931.483133 691.800509 948.469769 686.354857 75.801940 -256.993655 -100.692703
5 939.810016 674.613843 931.468753 691.794480 948.469769 686.354857 76.123890 -257.313892 -100.588985
5 939.753702 674.561911 931.458520 691.871870 948.436495 686.202309 76.498741 -257.491541 -100.540407
5 939.762096 674.598142 931.458520 691.871870 948.469769 686.354857 77.543418 -258.336968 -100.275480
5 939.801158 674.453898 931.427978 691.651435 948.436495 686.202309 77.398480 -259.179467 -99.957331
5 939.713858 674.464873 931.438291 691.725868 948.447731 686.253819 77.275357 -259.058027 -99.996615
5 939.776722 674.535680 931.468753 691.794480 948.436495 686.202309 74.455696 -257.840974 -100.317934
5 939.819364 674.463702 931.427978 691.651435 948.436495 686.202309 74.164141 -257.623966 -100.384868
5 939.808584 674.375223 931.458622 691.579946 948.436495 686.202309 74.040648 -257.222906 -100.527531
5 939.789668 674.325282 931.468783 691.556240 948.447605 685.979679 73.239355 -255.663211 -101.067685
5 939.913252 674.325448 931.489265 691.508456 948.469849 686.068863 73.392917 -255.573586 -101.107836
5 939.765883 674.305672 931.458622 691.579946 948.436570 685.935436 73.893884 -255.610898 -101.116908
5 939.838807 674.291131 931.458622 691.579946 948.453314 685.858856 74.503316 -255.529849 -101.174697
5 939.911165 674.276704 931.458622 691.579946 948.469929 685.782871 75.277908 -255.545679 -101.204203
5 939.887948 674.295361 931.458622 691.579946 948.469902 685.878201 75.277477 -255.320134 -101.287584
5 939.841514 674.332675 931.458622 691.579946 948.469849 686.068863 76.022952 -255.494372 -101.257185
5 939.798846 674.344138 931.468783 691.556240 948.480909 686.024614 76.769853 -255.425400 -101.316784
5 939.958584 674.295508 931.639559 691.505301 948.508412 685.914895 77.806253 -255.444716 -101.356952
5 939.931752 674.359474 931.489265 691.508456 948.469929 685.782871 80.894549 -255.764181 -101.379800
5 939.898447 674.318513 931.458622 691.579946 948.398413 686.068883 76.407123 -254.334200 -101.703722
5 939.770996 674.269237 931.458622 691.579946 948.398413 686.068883 76.105466 -254.406617 -101.663173
5 939.807380 674.388436 931.458622 691.579946 948.398413 686.068883 75.861390 -254.677866 -101.551731
5 939.912048 674.402242 931.458622 691.579946 948.409399 686.120333 75.609577 -254.764298 -101.508276
5 939.747640 674.419882 931.458622 691.579946 948.431287 686.222832 75.008735 -254.513900 -101.573439
5 939.899551 674.305333 931.458622 691.579946 948.398413 686.068883 75.089353 -254.670907 -101.519062
5 939.868048 674.421117 931.462140 691.604741 948.411074 686.113243 75.006466 -254.797495 -101.468469
5 939.818993 674.363910 931.458622 691.579946 948.326817 686.283422 75.084922 -254.726834 -101.498179
5 939.883552 674.273409 931.458622 691.579946 948.277430 686.145895 75.248322 -254.969620 -101.415863
5 939.914120 674.436650 931.458622 691.579946 948.436495 686.202309 75.242131 -254.798126 -101.478994
5 939.868705 674.411039 931.458622 691.579946 948.398413 686.068883 75.187647 -254.620823 -101.542068
5 939.873026 674.345077 931.458622 691.579946 948.431287 686.222832 75.499830 -254.505223 -101.599065
5 939.960469 674.350558 931.500347 691.579931 948.398413 686.068883 75.220770 -254.110120 -101.732424
5 939.904054 674.302530 931.458622 691.579946 948.398413 686.068883 76.321506 -255.110754 -101.412665
5 939.921166 674.367715 931.458622 691.579946 948.409371 686.017694 76.412664 -255.198543 -101.384364
5 939.848701 674.388624 931.469202 691.654525 948.436570 685.935436 76.803924 -255.245309 -101.384932
5 939.960458 674.386591 931.533179 691.547985 948.469929 685.782871 77.777862 -255.174533 -101.455563
5 939.964240 674.387585 931.533179 691.547985 948.469929 685.782871 77.929205 -254.951951 -101.544776
5 939.971863 674.389590 931.533179 691.547985 948.469929 685.782871 77.842110 -254.654799 -101.650678
5 939.883613 674.063817 931.533282 691.249755 948.469929 685.782871 74.598002 -255.755828 -101.095459
5 939.910662 674.057186 931.545175 691.242209 948.469929 685.782871 74.551123 -255.740918 -101.098832
5 940.045907 674.024034 931.604642 691.204480 948.469929 685.782871 74.330760 -255.791049 -101.070236
5 939.918367 673.938192 931.589238 691.188168 948.469929 685.782871 73.787507 -255.367645 -101.202000
5 939.983098 673.945680 931.589238 691.188168 948.469929 685.782871 73.611809 -255.261272 -101.233313
5 940.019573 673.979835 931.610390 691.172310 948.469929 685.782871 73.378599 -255.640661 -101.082380
5 939.938275 673.946294 931.660997 691.143194 948.469929 685.782871 74.049743 -257.073774 -100.583091
5 939.925390 673.985566 931.642212 691.163623 948.469929 685.782871 74.050250 -257.072201 -100.583696
5 939.928147 674.024768 931.604642 691.204480 948.469929 685.782871 75.108300 -255.818188 -101.095694
5 940.083153 673.930939 931.660997 691.143194 948.469929 685.782871 75.699888 -255.618960 -101.196368
5 940.035081 674.006919 931.642163 691.163676 948.469929 685.782871 76.137904 -255.292344 -101.337137
5 939.995142 674.548506 931.685739 691.852331 948.503129 686.202291 78.361856 -254.034608 -101.903734
5 940.058835 674.640597 931.647556 691.813440 948.469769 686.354857 78.386748 -254.073346 -101.890546
5 940.095715 674.659937 931.667928 691.834190 948.469769 686.354857 78.263420 -254.065601 -101.887780
5 940.169474 674.698619 931.708672 691.875689 948.469769 686.354857 78.027174 -254.062489 -101.878146
5 940.171797 674.623249 931.708672 691.875689 948.469769 686.354857 77.664552 -253.175981 -102.189399
5 940.131362 674.672906 931.708672 691.875689 948.585200 686.453827 78.046722 -253.104297 -102.233351
5 940.200392 674.690302 931.780899 691.924719 948.469769 686.354857 78.344131 -253.215827 -102.205687
5 940.096419 674.760897 931.780899 691.924719 948.469769 686.354857 78.342310 -253.207378 -102.208728
6 916.996345 674.877517 911.483331 692.473062 928.343019 686.691102 16.307071 -263.472298 -95.581207
6 917.010859 674.852952 911.493355 692.449458 928.381398 686.724005 16.503883 -264.040111 -95.380230
6 917.040000 674.803630 911.513483 692.402067 928.458455 686.790068 16.661373 -264.093554 -95.367657
6 917.139764 674.804796 911.560344 692.338274 928.458455 686.790068 17.233026 -264.387486 -95.285065
6 917.955980 674.000521 912.475299 691.655716 929.389840 686.420160 18.583256 -265.816053 -94.818457
6 918.092738 674.023159 912.475299 691.655716 929.401312 686.410323 22.088977 -267.163653 -94.480184
6 917.960271 674.020252 912.475299 691.655716 929.420737 686.228646 22.093521 -267.666162 -94.294577
6 918.197706 674.064311 912.606396 691.653060 929.459214 686.360672 24.382152 -267.474824 -94.469802
6 918.221662 673.949793 912.619180 691.471447 929.459412 685.788669 23.745005 -265.737209 -95.083239
6 918.283549 673.787742 912.778375 691.403349 929.459412 685.788669 21.373716 -265.553240 -95.043019
6 918.326061 673.856568 912.816660 691.382966 929.459412 685.788669 20.686933 -264.370634 -95.448963
6 918.329452 673.888397 912.833023 691.501895 929.459412 685.788669 20.942942 -264.387541 -95.454398
6 918.248395 673.905642 912.700935 691.483027 929.459412 685.788669 21.030991 -263.737041 -95.698954
6 918.056403 673.900358 912.572543 691.428706 929.459412 685.788669 21.090996 -263.418547 -95.819463
6 918.045995 673.828439 912.542224 691.471478 929.459412 685.788669 21.250380 -263.034934 -95.968588
6 918.138395 673.988559 912.511974 691.539769 929.459412 685.788669 20.611283 -262.926378 -95.979555
6 918.083837 674.054842 912.475299 691.655716 929.497890 685.920695 20.608167 -262.912016 -95.984724
6 918.061846 673.990688 912.475356 691.518359 929.459313 686.074670 20.603503 -262.501480 -96.136315
6 918.045132 674.028332 912.475337 691.564026 929.403848 686.102446 20.335935 -262.320140 -96.191156
6 918.011574 674.103914 912.475299 691.655716 929.292483 686.158215 20.334078 -262.215978 -96.229587
6 917.838985 674.046020 912.349588 691.702621 929.140857 686.256770 14.049075 -262.238060 -95.934519
6 917.602583 674.190942 912.075174 691.735470 928.574042 686.459978 16.768789 -264.638035 -95.171227
6 917.464354 674.189675 911.975760 691.727925 928.574042 686.459978 18.278323 -264.200153 -95.402052
6 917.351067 674.067513 911.870074 691.615617 928.497175 686.228960 18.719762 -264.277672 -95.393538
6 917.478935 674.104303 911.964372 691.785573 928.574042 686.459978 19.669547 -264.472780 -95.364749
6 917.790066 674.182842 912.173994 691.704578 928.641883 686.392106 20.728210 -264.314890 -95.471460
6 917.785809 674.162650 912.149336 691.716919 928.777036 686.256894 20.798302 -264.086984 -95.558932
6 917.530828 673.939527 912.056761 691.494502 928.497283 685.921034 20.492489 -262.138625 -96.265422
6 917.509017 673.932695 912.031839 691.504190 928.522958 685.844011 20.485890 -262.291931 -96.208432
6 917.592474 673.922189 911.981994 691.523566 928.574310 685.689965 20.486399 -262.293947 -96.207710
6 917.351385 673.744805 911.788637 691.322314 928.458805 685.789008 21.210380 -261.640690 -96.482315
6 917.356611 673.770228 911.793103 691.298343 928.458805 685.789008 21.459600 -261.945429 -96.381008
6 917.342998 673.694060 911.729835 691.224226 928.458805 685.789008 23.668383 -264.120666 -95.677494
6 917.205003 673.712426 911.645472 691.226964 928.343369 685.690044 24.228105 -264.452567 -95.580317
6 917.339298 673.540878 911.727585 691.141583 928.458880 685.574483 23.808320 -264.734669 -95.456840
6 917.295225 673.533724 911.695567 691.086784 928.574310 685.689965 23.562601 -265.201381 -95.273047
6 917.360469 673.527695 911.865700 691.066691 928.574390 685.458922 21.427760 -264.439367 -95.457365
6 917.432011 673.537980 911.865700 691.066691 928.574390 685.458922 21.432666 -264.139201 -95.568582
6 917.456420 673.545966 911.865694 691.080075 928.607450 685.497519 21.533503 -264.349777 -95.495320
6 917.505049 673.561877 911.865683 691.106737 928.673310 685.574410 21.540015 -264.169300 -95.562353
6 917.428359 673.557645 911.866744 691.119216 928.530543 685.574458 22.204285 -264.191674 -95.584403
6 917.406590 673.549800 911.887984 691.144471 928.574310 685.689965 22.952713 -264.213387 -95.610539
6 917.411847 673.679722 911.889053 691.218956 928.574310 685.689965 23.161410 -263.564432 -95.860031
6 917.186033 673.740633 911.545184 691.358333 928.458805 685.789008 24.300274 -262.293800 -96.381863
6 917.125420 673.800739 911.560764 691.337124 928.458805 685.789008 24.373814 -262.067843 -96.468773
6 917.150893 673.827993 911.554324 691.382162 928.420226 685.755934 24.312647 -262.292262 -96.382997
6 917.093919 673.748700 911.525342 691.327127 928.343369 685.690044 24.171404 -262.330441 -96.362432
6 917.073373 673.840295 911.513903 691.400917 928.343369 685.690044 24.228833 -262.158719 -96.428551
6 917.102702 673.837876 911.517726 691.376256 928.343369 685.690044 24.390530 -262.033255 -96.482326
6 917.148858 673.737470 911.525342 691.327127 928.343369 685.690044 24.044812 -262.130306 -96.430657
6 917.118522 673.784225 911.513903 691.400917 928.343369 685.690044 23.420328 -262.231394 -96.364771
6 917.114944 673.821670 911.529361 691.379873 928.343369 685.690044 23.443194 -262.306980 -96.337865
6 917.079686 673.814868 911.513903 691.400917 928.343369 685.690044 22.750907 -262.045466 -96.402964
6 917.059676 673.801091 911.525591 691.373655 928.343369 685.690044 22.337096 -262.228844 -96.316265
6 917.019025 673.773102 911.549335 691.318273 928.343369 685.690044 22.260007 -262.415688 -96.243656
6 917.026904 673.765040 911.553170 691.309329 928.343369 685.690044 22.734179 -262.821683 -96.115176
6 917.123018 673.804243 911.513903 691.400917 928.343369 685.690044 22.744886 -262.859283 -96.101762
6 917.149830 673.816845 911.513903 691.400917 928.343369 685.690044 22.042351 -263.047428 -96.000121
6 917.098680 673.721887 911.529564 691.379597 928.277509 685.613152 21.852082 -262.824754 -96.073774
6 917.110126 673.758404 911.560764 691.337124 928.343369 685.690044 21.932367 -262.826182 -96.076911
6 917.130573 673.761244 911.563768 691.318763 928.343369 685.690044 22.186545 -262.830883 -96.086776
6 917.081244 673.658719 911.560764 691.337124 928.343369 685.690044 22.691490 -262.808238 -96.118199
6 917.132952 673.727366 911.572804 691.263535 928.343369 685.690044 22.753871 -262.767209 -96.136218
6 917.129565 673.719422 911.572804 691.263535 928.343369 685.690044 22.801078 -262.930471 -96.078003
6 917.105858 673.663815 911.572804 691.263535 928.343369 685.690044 22.930144 -262.871722 -96.105619
6 917.186211 673.683457 911.572804 691.263535 928.343369 685.690044 22.931250 -262.873719 -96.104931
6 917.251877 673.592295 911.639300 691.148076 928.343369 685.690044 22.815587 -262.493845 -96.240118
6 917.416053 673.570315 911.782331 691.086748 928.637631 685.538714 22.471924 -261.423214 -96.620320
6 917.362776 673.512680 911.782331 691.086748 928.458955 685.359958 22.373450 -261.422850 -96.615959
6 917.357796 673.448621 911.782331 691.086748 928.574390 685.458922 22.300499 -261.147789 -96.714339
6 917.411721 673.475127 911.865700 691.066691 928.574390 685.458922 22.302535 -261.149794 -96.713690
6 917.458645 673.459489 911.865700 691.066691 928.574390 685.458922 22.266505 -261.178559 -96.701409
6 917.602779 673.373463 912.003516 691.028892 928.574390 685.458922 22.764668 -262.693421 -96.163996
6 917.536262 673.303721 911.926600 690.932714 928.574390 685.458922 22.555611 -262.738353 -96.137838
6 917.466800 673.315157 911.978915 690.917464 928.574390 685.458922 21.260629 -262.833900 -96.043393
6 917.640183 673.251115 912.087090 690.903394 928.574390 685.458922 21.038536 -262.671946 -96.093141
6 917.573673 673.338440 912.019989 690.882719 928.574390 685.458922 20.670394 -262.833206 -96.016706
6 917.584407 673.263065 912.004666 690.909956 928.574390 685.458922 20.673761 -262.680096 -96.073475
6 917.539947 673.350964 912.004666 690.909956 928.458955 685.359958 20.773565 -262.951710 -95.977596
6 917.520948 673.313969 911.978644 690.917542 928.497433 685.392946 20.667438 -262.163170 -96.264332
6 917.615793 673.357043 912.004666 690.909956 928.574390 685.458922 21.148505 -262.293232 -96.238199
6 917.558066 673.330138 911.926600 690.932714 928.458955 685.359958 23.265615 -259.700765 -97.293465
7 894.192413 670.092251 894.853697 688.070633 911.234416 682.577641 -122.553213 -272.857692 -85.771933
7 894.164734 670.069640 894.835502 688.025990 911.234416 682.577641 -122.686760 -272.717790 -85.817568
7 894.109377 670.024420 894.799114 687.936705 911.234416 682.577641 -123.182332 -273.018458 -85.683767
7 894.171182 669.890865 894.702860 687.878983 911.234416 682.577641 -123.487173 -272.980810 -85.683773
7 894.167423 669.921375 894.707899 687.903807 911.234416 682.577641 -123.290354 -273.297513 -85.575650
7 894.159934 669.982158 894.717938 687.953261 911.234416 682.577641 -122.953766 -273.548591 -85.498173
7 893.856249 670.090890 894.423961 688.015367 910.815106 682.611140 -126.697227 -274.698610 -84.902043
7 893.837582 669.977588 894.480671 687.883089 910.662611 682.577865 -126.891236 -274.782527 -84.862156
7 893.787282 670.048395 894.464851 687.952523 910.706719 682.590728 -127.243747 -275.002407 -84.764759
7 893.766783 670.079116 894.433334 688.090849 910.662611 682.577865 -128.311545 -275.158289 -84.658374
7 893.869777 670.048643 894.433334 688.090849 910.662611 682.577865 -128.440910 -275.309997 -84.596372
7 893.825386 670.099148 894.436449 688.065947 910.662611 682.577865 -128.440919 -275.333928 -84.587522
7 893.503039 670.162908 894.153069 688.151047 910.563595 682.693426 -126.996688 -274.607465 -84.922075
7 893.462248 670.173950 894.139254 688.154128 910.580119 682.674141 -126.995040 -274.736323 -84.874503
7 893.488870 670.297044 894.086768 688.244985 910.448073 682.792477 -127.483604 -274.919361 -84.784518
7 893.530547 670.291741 894.108926 688.213591 910.448073 682.792477 -127.775960 -275.148760 -84.686347
7 893.498509 670.223168 894.148729 688.228438 910.448073 682.792477 -129.940965 -275.763113 -84.360346
7 893.448210 670.127196 894.153069 688.151047 910.563595 682.693426 -130.783399 -275.814988 -84.302708
7 893.515438 670.187927 894.153069 688.151047 910.662611 682.577865 -131.304753 -275.375690 -84.441349
7 893.415221 670.040826 894.096349 688.091004 910.662611 682.577865 -131.603499 -275.569963 -84.355875
7 893.859569 669.816423 894.364823 687.776821 910.662611 682.577865 -130.390574 -275.555675 -84.416527
7 893.765842 669.783697 894.365713 687.730401 910.662611 682.577865 -129.750747 -275.473874 -84.475982
7 893.755305 669.774226 894.394982 687.705826 910.662611 682.577865 -128.234352 -276.152501 -84.294266
7 893.734651 669.626792 894.433569 687.590276 910.662611 682.577865 -126.729753 -276.137856 -84.368365
7 893.848531 669.708103 894.487357 687.644666 910.976448 682.474417 -126.118643 -277.329929 -83.955466
7 893.840141 669.610833 894.433569 687.590276 911.333432 682.462080 -123.767278 -277.611272 -83.958770
7 893.990318 669.709165 894.529796 687.705764 911.333432 682.462080 -121.721197 -277.669235 -84.030738
7 894.025496 669.589735 894.563278 687.590217 911.333432 682.462080 -121.174076 -277.418746 -84.148337
7 893.998375 669.597567 894.563278 687.590217 911.333432 682.462080 -121.031289 -277.617089 -84.081514
7 893.943922 669.613292 894.563278 687.590217 911.333432 682.462080 -121.035127 -277.620087 -84.080230
7 894.168643 669.612177 894.748789 687.534357 911.426749 682.261201 -121.853309 -277.734131 -84.000711
7 894.160497 669.601490 894.674445 687.645729 911.448953 682.363031 -122.357848 -277.595273 -84.029025
7 894.142162 669.650545 894.664581 687.551627 911.415690 682.210484 -122.679795 -277.583214 -84.018788
7 894.271652 669.678286 894.952888 687.623162 911.448953 682.363031 -128.375858 -277.992538 -83.607412
7 894.348623 669.651860 894.933989 687.590047 911.448953 682.363031 -128.755148 -278.118531 -83.543509
7 894.316674 669.709629 894.971690 687.656105 911.482337 682.210458 -130.436002 -279.213904 -83.061741
7 894.336986 669.562412 895.008151 687.590013 911.471209 682.261316 -130.418301 -278.980270 -83.148941
7 894.709958 669.533705 895.368374 687.542595 911.591881 682.291500 -130.696840 -280.361986 -82.625306
7 894.717957 669.546205 895.368374 687.542595 911.564394 682.461990 -131.554501 -280.614007 -82.492964
7 894.727634 669.619371 895.368374 687.542595 911.564394 682.461990 -131.547208 -280.559304 -82.513525
7 894.709127 669.635453 895.347204 687.558315 911.564394 682.461990 -131.571159 -280.485801 -82.539611
7 894.671970 669.667741 895.304699 687.589878 911.564394 682.461990 -131.109930 -280.360589 -82.606965
7 894.781392 669.582413 895.434407 687.589819 911.564394 682.461990 -131.566187 -280.309795 -82.604920
7 894.777282 669.597029 895.434407 687.589819 911.564394 682.461990 -131.390864 -280.302530 -82.615610
7 894.794896 669.595821 895.434407 687.589819 911.573557 682.405160 -131.138675 -280.337957 -82.614022
7 894.830125 669.593404 895.434407 687.589819 911.591881 682.291500 -131.112812 -280.418846 -82.585292
7 894.832494 669.671578 895.434407 687.589819 911.782701 682.076901 -131.114157 -280.522461 -82.546917
7 894.789904 669.568897 895.434407 687.589819 911.718394 682.230887 -129.260623 -280.209301 -82.747326
7 894.888557 669.545934 895.434407 687.589819 911.888751 682.137523 -126.947806 -280.048496 -82.912365
7 894.877471 669.571563 895.434407 687.589819 911.767418 682.258897 -126.593093 -279.909322 -82.980020
7 894.873554 669.603896 895.434407 687.589819 911.949417 682.076836 -126.462721 -279.859656 -83.004336
7 894.915775 669.632105 895.434407 687.589819 912.116134 682.076771 -126.309874 -280.061621 -82.936632
7 894.909273 669.584606 895.456490 687.574016 912.060394 682.132529 -126.167939 -280.106911 -82.926365
7 894.883973 669.498229 895.482198 687.531845 912.032634 682.160299 -124.877932 -279.897414 -83.062718
7 894.871594 669.506503 895.463864 687.521127 912.116134 682.076771 -124.571543 -280.004121 -83.037247
7 894.993020 669.431781 895.530741 687.474244 912.116134 682.076771 -123.929556 -280.196171 -82.995538
7 894.842374 669.500710 895.530741 687.474244 912.116134 682.076771 -122.992656 -280.365536 -82.975680
7 894.941020 669.446281 895.530741 687.474244 912.116134 682.076771 -121.843726 -280.486707 -82.983322
7 895.118373 669.302205 895.620995 687.305110 912.334438 681.691685 -123.088863 -280.283349 -83.001679
7 895.110217 669.182594 895.684848 687.089136 912.199724 681.742990 -125.016525 -280.603275 -82.795384
7 895.034714 669.205980 895.665846 687.109833 912.245212 681.725666 -125.438529 -280.735203 -82.727336
7 895.117049 669.118029 895.684848 687.089136 912.199724 681.742990 -126.334312 -281.167259 -82.526683
7 895.142764 669.131767 895.684848 687.089136 912.244746 681.725844 -126.335611 -281.141854 -82.536018
7 894.984728 669.161926 895.628573 687.150431 912.334438 681.691685 -127.303484 -281.631227 -82.310879
7 895.088480 668.991920 895.628630 687.027893 912.235515 681.576203 -127.239603 -281.463245 -82.375910
7 895.060211 669.103939 895.628630 687.027893 912.235515 681.576203 -126.846605 -281.511237 -82.376103
7 895.043532 669.024570 895.554786 686.989082 912.103508 681.614794 -127.924185 -281.956643 -82.162215
7 894.954763 669.024206 895.554786 686.989082 912.103508 681.614794 -126.005753 -280.756021 -82.693745
7 894.917253 668.979479 895.554786 686.989082 912.103508 681.614794 -126.224215 -280.776867 -82.676065
7 894.929532 669.050942 895.434640 687.089250 911.949588 681.647788 -125.470974 -280.252011 -82.904526
7 894.896729 669.082545 895.461725 686.967084 911.663716 681.576424 -120.296747 -278.896985 -83.641775
7 894.808352 669.016059 895.366001 687.050037 911.663716 681.576424 -111.732684 -277.599730 -84.512404
7 894.864842 668.994627 895.405032 687.043512 911.663716 681.576424 -108.421777 -277.035417 -84.872210
8 914.172095 689.766395 913.442470 701.446228 929.956241 695.656480 -74.249071 -139.946465 -137.123845
8 914.195785 689.758509 913.442470 701.446228 929.911206 695.643616 -75.536708 -139.597458 -137.194119
8 914.242254 689.743041 913.442470 701.446228 929.822870 695.618383 -75.584237 -139.597519 -137.191926
8 914.252779 689.700489 913.442470 701.446228 929.670384 695.585098 -76.065697 -139.593664 -137.171374
8 914.220335 689.713283 913.442470 701.446228 929.670384 695.585098 -76.642383 -139.344667 -137.237121
8 914.155194 689.738971 913.442470 701.446228 929.670384 695.585098 -77.161717 -139.270858 -137.240707
8 914.127843 689.723859 913.406130 701.409870 929.670384 695.585098 -77.161717 -139.270858 -137.240707
8 914.073354 689.693753 913.333734 701.337438 929.670384 695.585098 -77.449183 -139.270098 -137.227865
8 914.028018 689.702480 913.290192 701.359284 929.670384 695.585098 -77.986610 -139.312300 -137.187727
8 914.062477 689.619674 913.261600 701.289809 929.670384 695.585098 -76.966899 -139.555508 -137.144344
8 913.924604 689.557459 913.261600 701.289809 929.670384 695.585098 -76.628250 -139.552443 -137.160936
8 913.841878 689.590494 913.120172 701.262504 929.601811 695.645129 -76.503553 -139.589057 -137.153090
8 913.786583 689.612575 913.025641 701.244252 929.555975 695.685254 -76.286953 -139.666731 -137.134256
8 913.906412 689.506309 913.112515 701.225993 929.455870 695.799722 -75.915852 -139.737054 -137.125193
8 913.748224 689.689577 912.942167 701.268618 929.455870 695.799722 -75.703326 -139.747803 -137.130920
8 913.707004 689.686481 912.927787 701.265644 929.436781 695.783356 -75.166093 -139.790401 -137.139692
8 913.498954 689.670855 912.855209 701.250632 929.340432 695.700749 -75.623740 -139.794813 -137.117170
8 913.491113 689.573900 912.681086 701.228879 929.241511 695.585250 -75.890305 -139.503277 -137.212803
8 913.477782 689.566847 912.681086 701.228879 929.241511 695.585250 -76.200497 -139.475450 -137.208933
8 913.519023 689.536997 912.681086 701.228879 929.241511 695.585250 -76.357634 -139.343302 -137.250624
8 913.414484 689.626640 912.644922 701.221671 929.241511 695.585250 -76.300441 -139.375996 -137.241146
8 913.477942 689.663155 912.681086 701.228879 929.089025 695.551966 -77.555047 -138.968936 -137.334394
8 913.341337 689.682531 912.528732 701.316053 929.089001 695.618643 -77.723941 -138.968386 -137.326888
8 913.331238 689.645890 912.528732 701.316053 929.044659 695.607575 -78.121361 -138.886914 -137.338872
8 913.310960 689.572320 912.528732 701.316053 928.955628 695.585352 -78.349094 -138.873455 -137.333453
8 913.241286 689.631614 912.473664 701.375350 928.955628 695.585352 -78.292454 -139.008718 -137.286022
8 913.292731 689.605367 912.501090 701.345818 928.889190 695.601979 -78.090481 -139.112522 -137.256858
8 913.344581 689.578914 912.528732 701.316053 928.822230 695.618738 -78.090714 -139.112520 -137.256848
8 913.263221 689.612663 912.543221 701.279862 928.866572 695.631404 -78.260168 -139.081710 -137.260505
8 913.259621 689.579348 912.441769 701.307078 928.669744 695.585454 -78.305944 -139.106036 -137.249421
8 913.259518 689.586030 912.445462 701.296871 928.720382 695.574366 -78.368859 -139.104693 -137.247045
8 913.259312 689.599471 912.452891 701.276335 928.822254 695.552061 -78.482806 -139.051460 -137.261528
8 913.267265 689.605274 912.447300 701.361494 928.745999 695.568757 -78.482097 -139.138416 -137.229406
8 913.120275 689.692431 912.473664 701.375350 928.669744 695.585454 -79.026987 -139.052190 -137.236417
8 913.177164 689.574376 912.388555 701.247527 928.669744 695.585454 -79.177642 -138.778041 -137.330912
8 913.150229 689.611962 912.413531 701.270378 928.720573 695.596549 -79.177672 -138.778041 -137.330911
8 913.164150 689.584392 912.495036 701.247481 928.669744 695.585454 -79.593814 -139.029578 -137.218903
8 913.107410 689.584114 912.441769 701.307078 928.669744 695.585454 -80.455774 -139.089020 -137.157575
8 913.174345 689.613621 912.367229 701.268862 928.669744 695.585454 -82.144820 -138.565639 -137.274004
8 913.160023 689.600984 912.410385 701.261643 928.669744 695.585454 -82.147497 -138.237592 -137.395184
8 913.131930 689.576196 912.495036 701.247481 928.669744 695.585454 -81.267648 -138.305295 -137.410314
8 913.055563 689.606060 912.346059 701.162338 928.669744 695.585454 -81.328838 -138.053723 -137.500545
8 912.805526 689.504746 912.111753 701.226418 928.555334 695.685611 -81.581967 -137.487425 -137.698391
8 912.775694 689.555550 912.084033 701.234586 928.555334 695.685611 -81.962682 -137.481663 -137.683143
8 912.715798 689.657554 912.028378 701.250985 928.555334 695.685611 -82.050764 -137.604870 -137.633563
8 912.945676 689.569246 912.179710 701.161539 928.669744 695.585454 -80.439823 -140.132111 -136.772597
8 912.991961 689.256394 912.311408 700.989638 928.580478 695.335197 -81.451424 -144.587522 -135.078931
8 912.979671 689.253475 912.311408 700.989638 928.583469 695.329231 -81.449576 -144.595402 -135.076102
8 913.081175 689.134221 912.441951 700.889758 928.955767 695.202610 -77.200589 -145.317426 -135.003079
8 913.312546 689.118412 912.473905 700.821459 929.080912 695.022158 -75.291090 -145.604876 -134.983955
8 913.165635 689.133287 912.442012 700.750184 929.205992 695.022114 -75.253759 -145.441653 -135.046014
8 913.217046 689.198339 912.473905 700.821459 929.233827 694.973448 -73.870565 -144.997043 -135.273560
8 913.181237 689.220487 912.492196 700.841158 929.307735 695.010401 -74.138322 -144.677242 -135.379591
8 913.177150 689.118065 912.473905 700.821459 929.456129 695.084597 -74.351880 -144.568619 -135.410007
8 913.303483 689.165391 912.473905 700.821459 929.456129 695.084597 -74.072316 -144.499903 -135.448179
8 913.308483 689.199510 912.537099 700.835485 929.397429 695.084618 -73.799235 -144.878807 -135.320536
8 913.217801 689.305120 912.550747 700.858974 929.456129 695.084597 -74.617184 -144.657759 -135.364935
8 913.256176 689.191716 912.608665 700.920425 929.456129 695.084597 -74.002144 -144.810521 -135.336524
8 913.282660 689.201977 912.563627 700.887351 929.456129 695.084597 -74.000103 -144.856424 -135.319644
8 913.349099 689.297397 912.608665 700.920425 929.456129 695.084597 -74.347573 -144.695680 -135.363220
8 913.352558 689.158741 912.550747 700.858974 929.456129 695.084597 -72.460860 -145.717436 -135.071530
8 913.392404 689.116611 912.574792 700.874850 929.445038 695.040117 -72.627976 -145.715642 -135.064565
8 913.339582 689.078256 912.601230 700.757025 929.422856 694.951156 -72.575774 -145.094989 -135.296448
8 913.395212 689.073674 912.611134 700.781721 929.392363 694.912323 -71.852086 -145.242523 -135.274929
8 913.247831 689.043354 912.601230 700.757025 929.367815 694.966793 -71.633766 -145.079822 -135.345058
8 913.262811 689.070642 912.521725 700.753609 929.395300 694.958984 -70.681850 -145.029920 -135.406964
8 913.277830 689.098003 912.442012 700.750184 929.422856 694.951156 -70.650717 -145.030025 -135.408346
8 913.267485 688.944435 912.452654 700.672383 929.456232 694.798569 -74.618103 -143.209472 -135.900430
8 913.201802 689.034262 912.442012 700.750184 929.331140 694.834354 -75.861217 -143.058557 -135.899487
8 913.107317 689.030868 912.442012 700.750184 929.220310 694.802470 -77.146102 -142.796829 -135.937613
8 913.180408 688.981812 912.453152 700.675687 929.089364 694.617491 -77.731024 -142.570401 -135.994639
8 912.990788 689.188218 912.333182 700.859066 928.488859 694.951487 -81.979484 -139.837101 -136.811400
8 913.133677 689.221298 912.354989 700.880784 928.455489 695.084953 -80.862843 -140.753884 -136.523373
8 913.050313 689.189678 912.342296 700.918505 928.455489 695.084953 -81.804674 -140.649238 -136.519074
8 913.101328 689.039207 912.442012 700.750184 928.670109 694.584301 -81.187651 -139.249825 -137.064705
8 913.047414 688.732187 912.410251 700.374131 928.670109 694.584301 -80.842309 -136.139756 -138.230486
8 913.082028 688.759904 912.442144 700.445406 928.822618 694.550909 -81.871568 -135.850560 -138.290439
8 913.086038 688.797646 912.431540 700.421709 928.771914 694.562011 -82.397053 -135.766571 -138.297508
8 913.110223 688.576389 912.311749 700.206065 928.670109 694.584301 -81.478426 -135.914910 -138.284590
8 912.999176 688.496244 912.311749 700.206065 928.822618 694.550909 -80.335348 -136.425680 -138.147902
8 913.032936 688.653538 912.311749 700.206065 928.822618 694.550909 -79.237998 -136.375862 -138.216416
8 913.085043 688.481393 912.311749 700.206065 928.822618 694.550909 -78.987106 -136.727297 -138.097918
8 913.066830 688.483002 912.388990 700.246282 928.822618 694.550909 -77.657265 -137.774723 -137.771315
8 913.072018 688.521543 912.311749 700.206065 928.955991 694.584200 -77.438853 -138.507817 -137.510207
8 913.081340 688.613316 912.287526 700.190895 928.859459 694.584234 -77.580088 -138.439011 -137.529202
8 913.166877 688.541627 912.364417 700.141663 928.822618 694.550909 -76.884998 -139.424544 -137.196510
8 913.129895 688.505696 912.383073 700.163059 928.771914 694.562011 -76.838704 -139.425220 -137.198373
8 913.169566 688.573762 912.442257 700.184182 928.822618 694.550909 -76.640605 -139.276894 -137.262263
8 913.164403 688.539605 912.417541 700.169452 928.822618 694.550909 -76.692823 -139.276647 -137.259970
8 913.153997 688.470754 912.367720 700.139759 928.822618 694.550909 -76.611108 -139.426273 -137.208373
8 913.117981 688.446441 912.364417 700.141663 928.670109 694.584301 -76.421581 -139.454941 -137.206424
8 912.986564 688.504858 912.240014 700.161140 928.670109 694.584301 -73.922171 -138.816681 -137.556530
8 912.968041 688.582995 912.240014 700.161140 928.670109 694.584301 -75.028156 -138.265876 -137.709716
8 913.050880 688.578248 912.240014 700.161140 928.670109 694.584301 -75.650431 -138.167858 -137.717554
8 912.940805 688.568948 912.240014 700.161140 928.670109 694.584301 -75.649947 -138.503377 -137.593510
8 912.667365 688.676777 912.025315 700.243433 928.455593 694.798924 -75.584695 -137.591083 -137.933830
8 912.789893 688.604114 912.026188 700.245006 928.480571 694.770363 -75.832259 -137.583172 -137.925454
8 912.518071 688.644400 911.771529 700.225318 928.355571 694.684528 -72.952757 -137.357184 -138.140464
8 912.559482 688.672009 911.771529 700.225318 928.317557 694.651257 -73.023316 -137.313924 -138.153240
8 912.649665 688.401578 911.816792 700.160018 928.355644 694.484299 -69.379093 -141.071162 -136.930272
8 912.696835 688.537756 911.860096 700.097422 928.455710 694.476965 -71.192309 -142.818388 -136.201425
8 912.666497 688.353618 911.861862 700.077397 928.455749 694.369832 -72.054082 -142.720840 -136.198157
8 912.682871 688.340531 911.861862 700.077397 928.455749 694.369832 -72.260179 -142.659823 -136.211311
8 912.861141 688.340326 912.028947 699.944962 928.455749 694.369832 -72.414891 -143.175977 -136.013389
8 912.842259 688.263348 912.028947 699.944962 928.455749 694.369832 -72.120500 -143.401263 -135.943523
8 912.839854 688.256423 912.059316 699.943845 928.455749 694.369832 -72.118800 -143.402415 -135.943175
8 912.835062 688.242628 912.119817 699.941619 928.455749 694.369832 -72.373835 -143.265491 -135.982164
8 912.909306 688.264322 912.203070 699.966715 928.489126 694.217246 -72.189839 -142.674734 -136.209009
8 912.975681 688.239687 912.199397 699.941665 928.489126 694.217246 -72.808853 -142.562392 -136.222292
8 913.163658 688.091830 912.410491 699.820246 928.455853 694.083805 -81.095610 -140.925814 -136.449172
8 913.232443 688.002104 912.442446 699.748945 928.455853 694.083805 -81.095940 -140.926608 -136.448863
8 913.201072 687.995326 912.442446 699.748945 928.455853 694.083805 -81.096090 -140.926651 -136.448841
8 913.138084 687.981719 912.442446 699.748945 928.455853 694.083805 -81.401147 -140.771624 -136.492240
8 913.143729 688.128078 912.442446 699.748945 928.489126 694.217246 -81.867041 -140.765740 -136.473148
8 913.258652 688.025820 912.442446 699.748945 928.756117 693.883471 -80.950649 -141.001632 -136.427754
8 913.226962 688.065406 912.442446 699.748945 928.718689 693.887644 -80.901069 -140.851928 -136.485374
8 913.163336 688.144889 912.442446 699.748945 928.643541 693.896025 -80.013815 -140.792448 -136.547870
8 913.109256 688.000351 912.442511 699.596557 928.598922 693.869210 -78.390599 -139.978656 -136.922886
8 913.358400 687.587097 912.644953 699.159736 929.242234 693.582958 -75.422576 -134.504810 -139.082449
8 913.483493 687.576035 912.644953 699.159736 929.242234 693.582958 -74.487070 -136.259544 -138.476302
9 920.861159 682.146576 919.906454 697.175695 936.628289 691.967561 -75.726235 -209.244524 -111.431915
9 920.963267 681.485861 920.089299 696.629876 936.461719 691.277956 -80.376461 -213.101770 -109.793335
9 920.850511 681.454257 920.008837 696.639584 936.350396 691.218583 -80.677980 -213.185441 -109.748632
9 920.975674 681.489160 920.010440 696.640920 936.461719 691.277956 -79.954935 -213.127951 -109.802897
9 920.883377 681.417359 920.030967 696.546551 936.517977 691.040257 -79.507442 -212.775771 -109.953551
9 920.972012 681.376847 920.027707 696.501448 936.294951 691.189012 -79.305276 -212.681555 -109.997618
9 920.786581 681.138370 919.906861 696.153184 936.461851 690.877517 -78.321230 -212.105815 -110.255431
9 920.656709 681.381665 919.775256 696.437571 936.294951 691.189012 -73.827780 -212.626229 -110.268117
9 920.766615 681.285027 919.800328 696.302401 936.294951 691.189012 -69.410801 -213.037573 -110.317644
9 920.719168 681.329489 919.761694 696.318736 936.294951 691.189012 -69.463046 -213.059116 -110.307293
9 920.824640 681.317239 919.847156 696.314097 936.325335 690.986781 -68.644738 -213.205603 -110.290481
9 921.137972 681.229037 920.303813 696.214302 936.780230 690.895635 -77.076951 -213.399640 -109.833810
9 921.172283 681.185185 920.309019 696.208789 936.780230 690.895635 -76.778258 -213.562277 -109.787307
9 921.239584 681.099168 920.319231 696.197977 936.780230 690.895635 -76.776590 -213.578971 -109.781210
9 921.170559 681.046439 920.303863 696.089154 936.851021 690.743847 -76.785905 -213.414394 -109.841641
9 921.195668 681.064328 920.327703 696.103366 936.851021 690.743847 -77.004579 -213.417334 -109.830571
9 921.245688 681.099967 920.375196 696.131677 936.851021 690.743847 -77.110713 -213.680920 -109.728260
9 921.259499 681.087609 920.400722 696.110415 936.851021 690.743847 -77.110300 -213.419300 -109.825018
9 921.291694 680.996905 920.461353 696.032914 936.851021 690.743847 -76.830826 -213.288932 -109.885982
9 921.245555 680.914879 920.378331 696.048278 936.851021 690.743847 -76.465178 -213.234588 -109.922769
9 921.299076 680.941185 920.453031 696.034454 936.917590 690.823828 -76.463635 -213.238147 -109.921523
9 921.334896 680.958791 920.503026 696.025202 936.962142 690.877357 -76.463758 -213.241935 -109.920117
9 921.756071 680.660039 920.865052 695.833337 937.462627 690.276543 -70.664772 -215.994647 -109.166957
9 921.770317 680.659733 920.865670 695.793286 937.462627 690.276543 -70.234866 -216.438910 -109.022306
9 921.798698 680.659123 920.866901 695.713496 937.462627 690.276543 -71.508221 -216.486116 -108.946723
9 921.893026 680.467996 921.009129 695.637352 937.462627 690.276543 -72.063800 -216.294332 -108.992278
9 921.863846 680.361799 921.037419 695.457731 937.629524 689.965053 -75.466800 -216.535660 -108.747699
9 921.962662 680.212714 921.012924 695.400574 937.762864 690.076231 -77.740120 -216.855707 -108.525580
9 922.288506 680.102389 921.376229 695.257968 937.963044 689.875952 -76.698263 -216.278933 -108.786414
9 922.319725 680.105381 921.376229 695.257968 937.963044 689.875952 -76.501939 -216.327940 -108.777255
9 922.262184 680.119248 921.357591 695.237451 937.963044 689.875952 -76.502112 -216.330859 -108.776168
9 922.147102 680.146983 921.320315 695.196418 937.963044 689.875952 -76.410748 -216.381440 -108.761635
9 922.163237 680.113587 921.320315 695.196418 937.963031 689.915682 -76.342963 -216.450294 -108.739269
9 922.189818 679.964293 921.248583 695.151493 937.662904 689.775938 -75.087773 -216.756148 -108.683470
9 922.035317 679.908483 921.200676 695.087637 937.662904 689.775938 -75.578043 -215.485674 -109.130876
9 922.172699 679.919946 921.200676 695.087637 937.462854 689.575786 -75.577444 -215.485679 -109.130902
9 922.035888 679.990164 921.200676 695.087637 937.462854 689.575786 -76.755292 -215.326028 -109.136169
9 921.997698 679.880885 921.174129 695.080590 937.462854 689.575786 -74.819944 -215.281900 -109.240833
9 921.814778 679.910062 920.950504 695.087733 937.462854 689.575786 -74.254249 -213.629637 -109.877617
9 921.815047 680.089442 920.838152 695.108800 937.385852 689.652826 -74.048981 -213.139005 -110.068409
9 921.757715 679.986959 920.780179 695.109023 937.462854 689.575786 -74.050024 -213.004146 -110.118229
9 921.637917 680.049965 920.780179 695.109023 937.347350 689.691347 -76.256849 -212.649335 -110.148689
9 921.646543 680.052211 920.780179 695.109023 937.366576 689.672112 -76.255014 -212.832551 -110.081025
9 921.689744 680.063460 920.780179 695.109023 937.462854 689.575786 -75.835864 -212.858526 -110.090553
9 921.752328 680.124466 920.809165 695.108912 937.347350 689.691347 -75.468424 -212.850757 -110.110199
9 921.795742 679.977636 920.867138 695.108689 937.347350 689.691347 -75.789397 -212.978077 -110.048468
9 921.662481 679.914119 920.780179 695.109023 937.462854 689.575786 -75.823905 -213.358712 -109.906145
9 922.003941 679.508192 921.096584 694.628743 937.578357 689.460225 -77.689822 -218.466942 -107.932086
9 922.026238 679.276353 921.134570 694.474750 937.578357 689.460225 -81.896913 -216.607690 -108.427537
9 922.068647 679.373106 921.226250 694.405967 937.578357 689.460225 -82.107220 -214.509720 -109.193707
9 922.139130 679.217454 921.255319 694.304107 937.578357 689.460225 -81.717563 -214.318646 -109.282149
9 922.115390 679.287833 921.269233 694.291187 937.578357 689.460225 -80.925750 -213.911471 -109.468856
9 921.869812 679.076809 920.996400 694.154833 937.546444 688.824953 -77.281207 -211.966399 -110.354459
9 921.954290 679.005808 920.996400 694.154833 937.463108 688.789241 -77.298636 -211.138368 -110.659846
9 921.925859 679.009046 920.969421 694.148962 937.463108 688.789241 -77.154873 -211.139861 -110.665857
9 921.869218 679.015497 920.915675 694.137264 937.463108 688.789241 -77.155968 -211.231432 -110.631946
9 921.783924 679.025212 920.834739 694.119650 937.463108 688.789241 -77.065978 -211.196307 -110.649043
9 921.726839 679.031714 920.780571 694.107861 937.463108 688.789241 -76.731144 -211.204838 -110.661173
9 921.716524 679.071326 920.808398 694.100757 937.463108 688.789241 -76.195114 -211.339945 -110.635683
9 921.731419 679.095275 920.780571 694.107861 937.463108 688.789241 -76.204131 -211.333854 -110.637524
9 921.386057 678.943145 920.450553 694.086763 936.712693 688.741727 -73.043804 -211.879019 -110.580202
9 921.395895 679.038270 920.424596 694.101590 936.735423 688.792308 -73.698815 -211.812305 -110.574971
9 921.281257 679.037776 920.320021 694.195639 936.712693 688.741727 -75.339173 -211.513410 -110.610613
